0,66,61,1978759,154579,11971,50021,16694,26512,18613,5120

0,66,61,1978759,154579,11971,50021,16694,26512,18613,5120

0,66,61,1978759,154579,11971,50021,16694,26512,18613,5120

0,66,61,1978759,154579,11971,50021,16694,26512,18613,5120

0,66,61,1978759,154579,11971,50021,16694,26512,18613,5120

0,66,61,1978759,154579,11971,50021,16694,26512,18613,5120

0,66,61,1978759,154579,11971,50021,16694,26512,18613,5120

0,66,61,1978759,154579,11971,50021,16694,26512,18613,5120

0,66,61,1978759,154579,11971,50021,16694,26512,18613,5120

0,66,61,1978759,154579,11971,50021,16694,26512,18613,5120

0,66,61,1978759,154579,11971,50021,16694,26512,18613,5120

0,66,61,1978759,154579,11971,50021,16694,26512,18613,5120

0,66,61,1978759,154579,11971,50021,16694,26512,18613,5120

0,66,61,1978759,154579,11971,50021,16694,26512,18613,5120

0,66,61,1978759,154579,11971,50021,16694,26512,18613,5120

0,66,61,1978759,154579,11971,50021,16694,26512,18613,5120

0,66,61,1978759,154579,11971,50021,16694,26512,18613,5120

0,66,61,1978759,154579,11971,50021,16694,26512,18613,5120

0,66,61,1978759,154579,11971,50021,16694,26512,18613,5120

0,66,61,1978759,154579,11971,50021,16694,26512,18613,5120

0,66,61,1978759,154579,11971,50021,16694,26512,18613,5120

0,66,61,1978759,154579,11971,50021,16694,26512,18613,5120

0,66,61,1978759,154579,11971,50021,16694,26512,18613,5120

0,66,61,1978759,154579,11971,50021,16694,26512,18613,5120

0,66,61,1978759,154579,11971,50021,16694,26512,18613,5120

0,66,61,1978759,154579,11971,50021,16694,26512,18613,5120

0,66,61,1978759,154579,11971,50021,16694,26512,18613,5120

0,66,61,1978759,154579,11971,50021,16694,26512,18613,5120

0,66,61,1978759,154579,11971,50021,16694,26512,18613,5120

0,66,61,1978759,154579,11971,50021,16694,26512,18613,5120

0,66,61,1978759,154579,11971,50021,16694,26512,18613,5120

0,66,61,1978759,154579,11971,50021,16694,26512,18613,5120

0,66,61,1978759,154579,11971,50021,16694,26512,18613,5120

0,66,61,1978759,154579,11971,50021,16694,26512,18613,5120

0,66,61,1978759,154579,11971,50021,16694,26512,18613,5120

0,66,61,1978759,154579,11971,50021,16694,26512,18613,5120

0,66,61,1978759,154579,11971,50021,16694,26512,18613,5120

0,66,61,1978759,154579,11971,50021,16694,26512,18613,5120

0,66,61,1978759,154579,11971,50021,16694,26512,18613,5120

0,66,61,1978759,154579,11971,50021,16694,26512,18613,5120

0,66,61,1978759,154579,11971,50021,16694,26512,18613,5120

0,66,61,1978759,154579,11971,50021,16694,26512,18613,5120

0,66,61,1978759,154579,11971,50021,16694,26512,18613,5120

0,66,61,1978759,154579,11971,50021,16694,26512,18613,5120

0,66,61,1978759,154579,11971,50021,16694,26512,18613,5120

0,66,61,1978759,154579,11971,50021,16694,26512,18613,5120

0,66,61,1978759,154579,11971,50021,16694,26512,18613,5120

0,66,61,1978759,154579,11971,50021,16694,26512,18613,5120

0,66,61,1978759,154579,11971,50021,16694,26512,18613,5120

0,66,61,1978759,154579,11971,50021,16694,26512,18613,5120

0,66,61,1978759,154579,11971,50021,16694,26512,18613,5120

0,66,61,1978759,154579,11971,50021,16694,26512,18613,5120

0,66,61,1978759,154579,11971,50021,16694,26512,18613,5120

0,66,61,1978759,154579,11971,50021,16694,26512,18613,5120

0,66,61,1978759,154579,11971,50021,16694,26512,18613,5120

0,66,61,1978759,154579,11971,50021,16694,26512,18613,5120

0,66,61,1978759,154579,11971,50021,16694,26512,18613,5120

0,66,61,1978759,154579,11971,50021,16694,26512,18613,5120

0,66,61,1978759,154579,11971,50021,16694,26512,18613,5120

0,66,61,1978759,154579,11971,50021,16694,26512,18613,5120

0,66,61,1978759,154579,11971,50021,16694,26512,18613,5120

0,66,61,1978759,154579,11971,50021,16694,26512,18613,5120

0,66,61,1978759,154579,11971,50021,16694,26512,18613,5120

0,66,61,1978759,154579,11971,50021,16694,26512,18613,5120

0,66,61,1978759,154579,11971,50021,16694,26512,18613,5120

0,66,61,1978759,154579,11971,50021,16694,26512,18613,5120

0,66,61,1978759,154579,11971,50021,16694,26512,18613,5120

0,66,61,1978759,154579,11971,50021,16694,26512,18613,5120

0,66,61,1978759,154579,11971,50021,16694,26512,18613,5120

0,66,61,1978759,154579,11971,50021,16694,26512,18613,5120

0,66,61,1978759,154579,11971,50021,16694,26512,18613,5120

0,66,61,1978759,154579,11971,50021,16694,26512,18613,5120

0,66,61,1978759,154579,11971,50021,16694,26512,18613,5120

0,66,61,1978759,154579,11971,50021,16694,26512,18613,5120

0,66,61,1978759,154579,11971,50021,16694,26512,18613,5120

0,66,61,1978759,154579,11971,50021,16694,26512,18613,5120

0,66,61,1978759,154579,11971,50021,16694,26512,18613,5120

0,66,61,1978759,154579,11971,50021,16694,26512,18613,5120

0,66,61,1978759,154579,11971,50021,16694,26512,18613,5120

0,66,61,1978759,154579,11971,50021,16694,26512,18613,5120

0,66,61,1978759,154579,11971,50021,16694,26512,18613,5120

0,66,61,1978759,154579,11971,50021,16694,26512,18613,5120







0,67,61,236876,96572,36814,7450,9699,18503,3077,4000

0,67,61,236876,96572,36814,7450,9699,18503,3077,4000

0,67,61,236876,96572,36814,7450,9699,18503,3077,4000

0,67,61,236876,96572,36814,7450,9699,18503,3077,4000

0,67,61,236876,96572,36814,7450,9699,18503,3077,4000

0,67,61,236876,96572,36814,7450,9699,18503,3077,4000

0,67,61,236876,96572,36814,7450,9699,18503,3077,4000

0,67,61,236876,96572,36814,7450,9699,18503,3077,4000

0,67,61,236876,96572,36814,7450,9699,18503,3077,4000

0,67,61,236876,96572,36814,7450,9699,18503,3077,4000

0,67,61,236876,96572,36814,7450,9699,18503,3077,4000

0,67,61,236876,96572,36814,7450,9699,18503,3077,4000

0,67,61,236876,96572,36814,7450,9699,18503,3077,4000

0,67,61,236876,96572,36814,7450,9699,18503,3077,4000

0,67,61,236876,96572,36814,7450,9699,18503,3077,4000

0,67,61,236876,96572,36814,7450,9699,18503,3077,4000

0,67,61,236876,96572,36814,7450,9699,18503,3077,4000

0,67,61,236876,96572,36814,7450,9699,18503,3077,4000

0,67,61,236876,96572,36814,7450,9699,18503,3077,4000

0,67,61,236876,96572,36814,7450,9699,18503,3077,4000

0,67,61,236876,96572,36814,7450,9699,18503,3077,4000

0,67,61,236876,96572,36814,7450,9699,18503,3077,4000

0,67,61,236876,96572,36814,7450,9699,18503,3077,4000

0,67,61,236876,96572,36814,7450,9699,18503,3077,4000

0,67,61,236876,96572,36814,7450,9699,18503,3077,4000

0,67,61,236876,96572,36814,7450,9699,18503,3077,4000

0,67,61,236876,96572,36814,7450,9699,18503,3077,4000

0,67,61,236876,96572,36814,7450,9699,18503,3077,4000

0,67,61,236876,96572,36814,7450,9699,18503,3077,4000

0,67,61,236876,96572,36814,7450,9699,18503,3077,4000

0,67,61,236876,96572,36814,7450,9699,18503,3077,4000

0,67,61,236876,96572,36814,7450,9699,18503,3077,4000

0,67,61,236876,96572,36814,7450,9699,18503,3077,4000

0,67,61,236876,96572,36814,7450,9699,18503,3077,4000

0,67,61,236876,96572,36814,7450,9699,18503,3077,4000

0,67,61,236876,96572,36814,7450,9699,18503,3077,4000

0,67,61,236876,96572,36814,7450,9699,18503,3077,4000

0,67,61,236876,96572,36814,7450,9699,18503,3077,4000

0,67,61,236876,96572,36814,7450,9699,18503,3077,4000

0,67,61,236876,96572,36814,7450,9699,18503,3077,4000

0,67,61,236876,96572,36814,7450,9699,18503,3077,4000

0,67,61,236876,96572,36814,7450,9699,18503,3077,4000

0,67,61,236876,96572,36814,7450,9699,18503,3077,4000

0,67,61,236876,96572,36814,7450,9699,18503,3077,4000

0,67,61,236876,96572,36814,7450,9699,18503,3077,4000

0,67,61,236876,96572,36814,7450,9699,18503,3077,4000

0,67,61,236876,96572,36814,7450,9699,18503,3077,4000

0,67,61,236876,96572,36814,7450,9699,18503,3077,4000

0,67,61,236876,96572,36814,7450,9699,18503,3077,4000

0,67,61,236876,96572,36814,7450,9699,18503,3077,4000

0,67,61,236876,96572,36814,7450,9699,18503,3077,4000

0,67,61,236876,96572,36814,7450,9699,18503,3077,4000

0,67,61,236876,96572,36814,7450,9699,18503,3077,4000

0,67,61,236876,96572,36814,7450,9699,18503,3077,4000

0,67,61,236876,96572,36814,7450,9699,18503,3077,4000

0,67,61,236876,96572,36814,7450,9699,18503,3077,4000







0,69,63,287553,32764,2614,33874,12432,8018,4210,4796

0,69,63,287553,32764,2614,33874,12432,8018,4210,4796

0,69,63,287553,32764,2614,33874,12432,8018,4210,4796

0,69,63,2